ID	Begin	End	Chrom
AATK_E63_R	81121406	81121463	17
AATK_P519_R	81121996	81122041	17
AATK_P709_R	81122185	81122230	17
ABCA1_E120_R	104928010	104928057	9
ABCA1_P45_F	104928174	104928230	9
ABCB4_E429_F	87479978	87480032	7
ABCB4_P51_F	87480463	87480514	7
ABCB4_P892_F	87481300	87481355	7
ABCC2_E16_R	99782807	99782860	10
ABCC2_P88_F	99782702	99782754	10
ABCC5_P444_F	184018358	184018411	3
ABCG2_P178_R	88159010	88159061	4
ABCG2_P310_R	88159140	88159194	4
ABL1_P53_F	130713800	130713853	9
ABL2_P459_R	179230033	179230087	1
ABO_E110_F	101179	101224	9
ABO_P312_F	101599	101645	9
ACTG2_E98_R	73893037	73893088	2
ACTG2_P346_F	73892595	73892643	2
ACTG2_P455_R	73892486	73892540	2
ACVR1_E328_R	157837925	157837976	2
ACVR1_P983_F	157839236	157839288	2
ACVR1B_E497_R	51952180	51952222	12
ACVR1B_P572_R	51951110	51951154	12
ACVR1C_P115_R	157628977	157629026	2
ACVR1C_P363_F	157629227	157629277	2
ACVR2B_E27_R	38454324	38454374	3
ACVR2B_P676_F	38453613	38453664	3
ADAMTS12_E52_R	33891942	33891993	5
ADAMTS12_P250_R	33892243	33892290	5
ADCYAP1_E163_R	905527	905574	18
ADCYAP1_P398_F	904965	905012	18
ADCYAP1_P455_R	904907	904956	18
AFF3_P122_F	100142675	100142724	2
AFF3_P808_F	100143358	100143410	2
AGTR1_P154_F	148697698	148697746	3
AGTR1_P41_F	148697811	148697865	3
AGXT_E115_R	240868836	240868891	2
AGXT_P180_F	240868538	240868588	2
AHR_E103_F	17298697	17298746	7
AHR_P166_R	17298429	17298484	7
AIM2_E208_F	159076624	159076673	1
AIM2_P624_F	159077460	159077510	1
AKT1_P310_R	104796028	104796077	14
ALK_E183_R	29921358	29921406	2
ALK_P28_F	29921569	29921621	2
ALOX12_E85_R	6996148	6996200	17
ALOX12_P223_R	6995842	6995889	17
ALPL_P278_F	21509069	21509125	1
ALPL_P433_F	21508917	21508971	1
AOC3_P890_R	42850274	42850322	17
APBA1_E99_R	69672182	69672229	9
APBA1_P644_F	69672930	69672974	9
APBA2_P227_F	1083873	1083916	15
APBA2_P305_R	1083790	1083847	15
APC_E117_R	112737982	112738030	5
APC_P14_F	112737846	112737897	5
APC_P280_R	112737585	112737637	5
APOA1_P261_F	116837859	116837906	11
APOA1_P75_F	116837678	116837728	11
APOC2_P377_F	44945588	44945634	19
APP_E8_F	26170785	26170829	21
APP_P179_R	26170971	26171013	21
AR_P189_R	67543820	67543870	X
AR_P54_R	67543957	67544006	X
ARAF_E38_F	47561121	47561174	X
ARAF_P63_R	47561023	47561068	X
AREG_E25_F	74445131	74445185	4
AREG_P217_R	74444899	74444947	4
ARHGAP9_P260_F	57489047	57489104	12
ARHGAP9_P518_R	57489309	57489360	12
ARHGDIB_P148_R	14961746	14961804	12
ARNT_P238_R	150876919	150876974	1
ASB4_E89_F	95486033	95486084	7
ASB4_P391_F	95485553	95485609	7
ASB4_P52_R	95485895	95485951	7
ASCL1_E24_F	102957688	102957733	12
ASCL1_P747_F	102956915	102956964	12
ASCL2_E76_R	2270847	2270898	11
ASCL2_P360_F	2271290	2271341	11
ASCL2_P609_R	2271538	2271584	11
ATP10A_P147_F	25863846	25863894	15
ATP10A_P524_R	25864225	25864267	15
AXIN1_P995_R	353436	353482	16
AXL_E61_F	41218949	41219004	19
AXL_P223_R	41218675	41218726	19
B3GALT5_P330_F	39656973	39657024	21
BAX_E281_R	48955119	48955166	19
BCAM_E100_R	44809158	44809207	19
BCAM_P205_F	44808851	44808901	19
BCAP31_P1072_F	153725479	153725531	X
BCAP31_P1131_F	153725539	153725591	X
BCL2A1_P1127_R	79972404	79972452	15
BCL2L2_E172_F	23306968	23307009	14
BCL2L2_P280_F	23306507	23306562	14
BCL3_E71_F	44748823	44748866	19
BCL3_P1038_R	44747716	44747767	19
BCL6_P248_R	187745905	187745956	3
BCR_P346_F	23179994	23180041	22
BCR_P422_F	23179919	23179967	22
BDNF_E19_R	27721701	27721757	11
BDNF_P259_R	27721986	27722027	11
BGN_E282_R	153495216	153495266	X
BGN_P333_R	153494597	153494646	X
BIRC4_P122_R	123860053	123860101	X
BIRC4_P500_F	123859675	123859722	X
BIRC5_E89_F	78214255	78214305	17
BLK_P14_F	11493968	11494022	8
BLK_P668_R	11493320	11493375	8
BMP2_E48_R	6768585	6768633	20
BMP2_P1201_F	6767332	6767382	20
BMP3_E147_F	81031088	81031135	4
BMP3_P56_R	81030887	81030935	4
BMP4_P123_R	53956990	53957038	14
BMP4_P199_R	53957070	53957120	14
BMP6_P163_F	7726586	7726638	6
BMP6_P398_F	7726352	7726401	6
BMPR1A_E88_F	86756706	86756748	10
BMPR1A_P956_F	86755658	86755708	10
BMPR2_E435_F	202377354	202377405	2
BMPR2_P1271_F	202375649	202375701	2
BRCA1_P835_R	43126259	43126309	17
BTK_E64_R	101386109	101386156	X
BTK_P105_F	101386272	101386321	X
C20orf47_P225_R	35541784	35541834	20
C4B_E171_F	31982207	31982251	6
C4B_P191_F	31981839	31981886	6
CALCA_E174_R	14972082	14972139	11
CALCA_P171_F	14972434	14972482	11
CALCA_P75_F	14972337	14972387	11
CAPG_E228_F	85410302	85410351	2
CARD15_P302_R	50696812	50696860	16
CARD15_P665_F	50696451	50696501	16
CASP10_E139_F	201183243	201183296	2
CASP10_P186_F	201182918	201182969	2
CASP10_P334_F	201182770	201182826	2
CASP2_P192_F	143288094	143288141	7
CASP3_P420_R	184649872	184649918	4
CASP6_P201_F	109703653	109703701	4
CASP6_P230_R	109703676	109703727	4
CASP8_E474_F	201233909	201233957	2
CAV1_P130_R	116524629	116524679	7
CAV1_P169_F	116524592	116524641	7
CAV2_E33_R	116499401	116499454	7
CCKAR_E79_F	26490320	26490368	4
CCKAR_P270_F	26490666	26490715	4
CCKBR_P361_R	6259354	6259399	11
CCKBR_P480_F	6259231	6259284	11
CCL3_E53_R	36090066	36090116	17
CCL3_P543_R	36090657	36090711	17
CCNA1_E7_F	36432473	36432529	13
CCNA1_P216_F	36432252	36432303	13
CCNC_P132_R	99568920	99568968	6
CCND1_E280_R	69641366	69641415	11
CCND1_P343_R	69640740	69640791	11
CCND2_P887_F	4272856	4272908	12
CCND2_P898_R	4272849	4272901	12
CCND3_P435_F	41942225	41942278	6
CCNE1_P683_F	29811285	29811337	19
CD1A_P414_R	158253696	158253751	1
CD1A_P6_F	158254104	158254157	1
CD2_P68_F	116754384	116754433	1
CD34_E20_R	207911297	207911340	1
CD34_P339_R	207911653	207911704	1
CD34_P780_R	207912091	207912140	1
CD40_E58_R	46118305	46118356	20
CD40_P372_R	46117875	46117924	20
CD44_E26_F	35138870	35138915	11
CD44_P87_F	35138753	35138803	11
CD81_P211_F	2377080	2377130	11
CD81_P272_R	2377021	2377068	11
CD82_P557_R	44565015	44565061	11
CD86_P3_F	122055341	122055392	3
CD9_E14_R	6200384	6200431	12
CD9_P504_F	6199858	6199907	12
CD9_P585_R	6199784	6199829	12
CDC25B_E83_F	3795798	3795846	20
CDC25B_P11_R	3795704	3795759	20
CDH1_P45_F	68737222	68737267	16
CDH1_P52_R	68737220	68737266	16
CDH11_E102_R	65121891	65121939	16
CDH11_P203_R	65122194	65122240	16
CDH11_P354_R	65122346	65122391	16
CDH13_E102_F	82627050	82627102	16
CDH13_P88_F	82626858	82626909	16
CDH17_E31_F	94208525	94208577	8
CDH17_P376_F	94208936	94208989	8
CDH17_P532_F	94209093	94209137	8
CDH3_E100_R	68644951	68645001	16
CDH3_P87_R	68644761	68644816	16
CDK10_E74_F	89686716	89686768	16
CDK10_P199_R	89686446	89686496	16
CDK2_P330_R	55966424	55966470	12
CDK6_E256_F	92833622	92833669	7
CDK6_P291_R	92834166	92834209	7
CDKN1A_E101_F	36678785	36678833	6
CDKN1A_P242_F	36678444	36678491	6
CDKN1B_P1161_F	12716185	12716236	12
CDKN1C_P6_R	2885726	2885776	11
CDKN1C_P626_F	2886349	2886397	11
CDKN2A_E121_R	21994345	21994394	9
CDKN2B_E220_F	22009074	22009119	9
CDKN2B_seq_50_S294_F	22008988	22009033	9
CDM_seq_21_S260_R	153723029	153723074	X
CEACAM1_E57_R	42528407	42528453	19
CEACAM1_P44_R	42528508	42528551	19
CEBPA_P1163_R	33303553	33303603	19
CEBPA_P706_F	33303099	33303147	19
CFTR_P115_F	117479826	117479870	7
CFTR_P372_R	117479569	117479617	7
CHD2_P451_F	92899708	92899765	15
CHD2_P667_F	92899497	92899548	15
CHFR_P501_F	132888072	132888130	12
CHFR_P635_R	132888207	132888254	12
CHGA_E52_F	92923175	92923219	14
CHGA_P243_F	92922877	92922926	14
CHI3L2_E10_F	111227643	111227697	1
CHI3L2_P226_F	111227410	111227455	1
CLDN4_P1120_R	73829719	73829766	7
CLK1_P538_F	200865214	200865263	2
COL18A1_P365_R	45404796	45404845	21
COL18A1_P494_R	45404667	45404712	21
COL1A1_P117_R	50201719	50201770	17
COL1A1_P5_F	50201616	50201665	17
COL1A2_E299_F	94394835	94394886	7
COL1A2_P407_R	94394132	94394181	7
COL1A2_P48_R	94394487	94394543	7
COL4A3_E205_R	227164747	227164800	2
COL4A3_P545_F	227163997	227164044	2
COL6A1_P283_F	45981445	45981494	21
COL6A1_P425_F	45981304	45981351	21
COMT_E401_F	19942161	19942206	22
COPG2_P298_F	130669003	130669056	7
CPA4_E20_F	130293144	130293194	7
CPA4_P1265_R	130291864	130291920	7
CPA4_P961_R	130292166	130292216	7
CPNE1_P138_F	35665038	35665092	20
CREB1_P819_F	207529116	207529167	2
CREBBP_P712_R	3881399	3881449	16
CRIP1_P274_F	105486911	105486962	14
CRIP1_P874_R	105486313	105486363	14
CRK_P721_F	1456949	1457000	17
CSF1_P217_F	109910594	109910643	1
CSF1_P339_F	109910469	109910523	1
CSF1R_E26_F	150113324	150113375	5
CSF1R_P73_F	150113420	150113471	5
CSF2_E248_R	132074019	132074071	5
CSF2_P605_F	132073160	132073209	5
CSF3_E242_R	40015655	40015703	17
CSF3_P309_R	40015103	40015155	17
CSF3R_P472_F	36483358	36483410	1
CSF3R_P8_F	36482895	36482944	1
CSK_P740_R	74781609	74781662	15
CSPG2_E38_F	83471779	83471829	5
CSPG2_P82_R	83471664	83471710	5
CSTB_E410_F	43775948	43775995	21
CTAG1B_P4_R	154585178	154585130	X
CTAG1B_P77_F	154585100	154585055	X
CTGF_E156_F	131951145	131951196	6
CTGF_P693_R	131951987	131952040	6
CTLA4_E176_R	203867938	203867993	2
CTLA4_P1128_F	203866637	203866683	2
CTNNA1_P185_R	138753212	138753256	5
CTNNA1_P382_R	138753015	138753062	5
CTNNB1_P757_F	41198730	41198778	3
CTSD_P726_F	1764696	1764743	11
CTSH_E157_R	78944893	78944943	15
CTSH_P238_F	78945289	78945342	15
CTSL_P264_R	87725777	87725828	9
CTSL_P81_F	87725954	87726012	9
CTTN_E29_R	70398540	70398590	11
CXCL9_E268_R	76007194	76007245	4
CYP1A1_P382_F	74725895	74725944	15
CYP1B1_E83_R	38076046	38076090	2
CYP1B1_P212_F	38076339	38076384	2
CYP2E1_E53_R	133527395	133527446	10
CYP2E1_P416_F	133526922	133526969	10
DAB2_P35_F	39424856	39424904	5
DAB2_P468_F	39425290	39425343	5
DAB2IP_E18_R	121699369	121699411	9
DAB2IP_P671_F	121698677	121698720	9
DAB2IP_P9_F	121699331	121699389	9
DAPK1_E46_R	87497907	87497954	9
DAPK1_P10_F	87497847	87497892	9
DAPK1_P345_R	87497515	87497562	9
DBC1_E204_F	119369195	119369242	9
DBC1_P351_R	119369746	119369797	9
DCC_E53_R	52340814	52340869	18
DCC_P177_F	52340585	52340633	18
DCC_P471_R	52340297	52340346	18
DCN_P1320_R	91184319	91184371	12
DDB2_P613_R	47214325	47214374	11
DDIT3_P1313_R	57521801	57521853	12
DDR1_E23_R	30884087	30884131	6
DDR1_P332_R	30883732	30883776	6
DDR2_E331_F	162632742	162632797	1
DDR2_P743_R	162631676	162631726	1
DES_E228_R	219418583	219418632	2
DES_P1006_R	219417348	219417394	2
DHCR24_P406_R	54887612	54887661	1
DHCR24_P652_R	54887859	54887904	1
DIO3_E230_R	101561561	101561610	14
DIO3_P674_F	101560654	101560697	14
DIO3_P90_F	101561237	101561282	14
DIRAS3_E55_R	68050695	68050750	1
DIRAS3_P745_F	68051501	68051552	1
DKC1_E101_F	154762952	154762997	X
DKC1_P276_F	154762571	154762620	X
DKFZP564O0823_E45_F	74933107	74933154	4
DKFZP564O0823_P386_F	74932677	74932729	4
DLC1_E276_F	13514585	13514641	8
DLC1_P695_F	13515555	13515609	8
DLC1_P88_R	13514953	13514995	8
DLG3_E340_F	70445285	70445330	X
DLG3_P62_R	70444886	70444934	X
DLK1_E227_R	100727093	100727145	14
DLL1_P386_F	170290750	170290797	6
DLL1_P832_F	170291193	170291243	6
DMP1_E194_F	87650472	87650527	4
DMP1_P134_F	87650152	87650193	4
DNAJC15_E26_R	43023229	43023283	13
DNAJC15_P65_F	43023131	43023184	13
DNASE1L1_E178_R	154411884	154411932	X
DNASE1L1_P108_F	154412176	154412223	X
DNASE1L1_P39_R	154412102	154412152	X
DNMT1_P100_R	10195210	10195258	19
DNMT2_P199_F	17201854	17201908	10
DNMT3B_P352_R	32762015	32762064	20
DSC2_E90_F	31102301	31102349	18
DSC2_P407_R	31102791	31102849	18
DSG1_E292_F	31318351	31318409	18
DSG1_P159_R	31317910	31317961	18
DSP_P36_F	7541575	7541622	6
DSP_P440_R	7541171	7541227	6
DST_E31_F	56843610	56843661	6
DST_P262_R	56843899	56843948	6
DUSP4_E61_F	29350585	29350633	8
DUSP4_P925_R	29351568	29351613	8
E2F3_P840_R	20401306	20401355	6
E2F5_P516_R	85176850	85176899	8
EDN1_E50_R	12290453	12290501	6
EDN1_P39_R	12290365	12290413	6
EDNRB_P709_R	77976208	77976265	13
EFNA1_P591_R	155127260	155127310	1
EFNA1_P7_F	155127841	155127888	1
EFNB1_E69_F	68829032	68829080	X
EFNB1_P136_R	68828828	68828879	X
EFNB1_P17_F	68828946	68828997	X
EFNB3_E17_R	7705198	7705242	17
EFNB3_P442_R	7704736	7704788	17
EGF_E339_F	109913208	109913257	4
EGF_P242_R	109912629	109912676	4
EGF_P413_F	109912453	109912504	4
EGFR_E295_R	55019300	55019354	7
EGFR_P260_R	55018751	55018797	7
EGR4_E70_F	73293392	73293437	2
EGR4_P479_F	73293941	73293992	2
EIF2AK2_E103_R	37156800	37156843	2
EIF2AK2_P313_F	37157214	37157266	2
ELK1_E156_F	47650438	47650491	X
ELK1_E53_F	47650547	47650593	X
ELK1_P195_R	47650790	47650839	X
ELK1_P569_R	47651165	47651215	X
ELK1_P6_R	47650602	47650652	X
ELK3_P514_F	96193890	96193940	12
ELL_P693_F	18522783	18522831	19
EMR3_E61_F	14674916	14674968	19
EMR3_P39_R	14675011	14675064	19
ENC1_P484_R	74641151	74641199	5
EPHA1_E46_R	143408824	143408870	7
EPHA1_P119_R	143408981	143409034	7
EPHA2_P203_F	16156249	16156296	1
EPHA2_P340_R	16156380	16156430	1
EPHA3_E156_R	89107657	89107704	3
EPHA3_P106_R	89107397	89107448	3
EPHA5_E158_R	65669608	65669659	4
EPHA5_P66_F	65669837	65669882	4
EPHA7_E6_F	93419523	93419574	6
EPHA7_P205_R	93419734	93419780	6
EPHA8_P256_F	22563233	22563276	1
EPHA8_P456_R	22563029	22563082	1
EPHB1_E202_R	134795598	134795650	3
EPHB1_P503_F	134794886	134794943	3
EPHB2_E297_F	22711237	22711284	1
EPHB2_P165_R	22710777	22710822	1
EPHB3_E0_F	184561773	184561826	3
EPHB3_P569_R	184561205	184561260	3
EPHB4_E476_R	100827019	100827067	7
EPHB4_P313_R	100827810	100827857	7
EPHB6_E342_F	142855348	142855392	7
EPHB6_P827_R	142854185	142854229	7
EPHX1_E152_F	225825400	225825447	1
EPHX1_P1358_R	225823890	225823942	1
EPHX1_P22_F	225825225	225825280	1
EPM2A_P113_F	145735942	145735997	6
EPM2A_P64_R	145735889	145735941	6
EPO_E244_R	100721024	100721071	7
EPO_P162_R	100720619	100720662	7
EPS8_E231_F	15789147	15789191	12
EPS8_P437_F	15789815	15789861	12
ER_seq_a1_S60_F	151808011	151808060	6
ERBB2_P59_R	39688060	39688112	17
ERBB3_E331_F	56080413	56080461	12
ERBB3_P870_R	56079214	56079260	12
ERBB4_P255_F	212538795	212538844	2
ERBB4_P541_F	212539082	212539132	2
ERCC1_P354_F	45424252	45424303	19
ERCC1_P440_R	45424329	45424384	19
ERCC6_P698_R	49539699	49539748	10
ERG_E28_F	38661644	38661691	21
ERN1_P809_R	64130901	64130948	17
ESR1_E298_R	151807824	151807877	6
ESR1_P151_R	151807381	151807427	6
ESR2_E66_F	64294272	64294322	14
ESR2_P162_F	64294502	64294547	14
ETS1_E253_R	128521992	128522039	11
ETS1_P559_R	128522800	128522846	11
ETS2_P684_F	38805212	38805264	21
ETS2_P835_F	38805063	38805112	21
ETV1_P235_F	13989347	13989402	7
ETV1_P515_F	13989636	13989682	7
ETV6_E430_F	11650259	11650307	12
EVI1_E47_R	169146232	169146286	3
EVI1_P30_R	169146309	169146360	3
EVI2A_E420_F	31321257	31321310	17
EVI2A_P94_R	31321763	31321816	17
EXT1_E197_F	118111598	118111650	8
EYA4_E277_F	133241627	133241676	6
EYA4_P508_F	133240846	133240890	6
EYA4_P794_F	133240551	133240604	6
F2R_P839_F	76715100	76715143	5
F2R_P88_F	76715844	76715896	5
FABP3_E113_F	31372937	31372993	1
FABP3_P598_F	31373650	31373700	1
FANCA_P1006_R	89817638	89817684	16
FANCE_P356_R	35451982	35452033	6
FANCF_P13_F	22625833	22625885	11
FANCG_E207_R	35079783	35079832	9
FAS_P322_R	88990182	88990240	10
FAS_P65_F	88990436	88990488	10
FASTK_P257_F	151081095	151081143	7
FASTK_P598_R	151081440	151081485	7
FAT_P279_R	186724087	186724138	4
FAT_P973_R	186724783	186724827	4
FER_E119_F	108747916	108747969	5
FES_E34_R	90884493	90884537	15
FES_P223_R	90884234	90884286	15
FGF1_E5_F	142686032	142686088	5
FGF1_P357_R	142686393	142686443	5
FGF12_E61_R	192727495	192727546	3
FGF12_P210_R	192727764	192727820	3
FGF2_P153_F	122826534	122826576	4
FGF2_P229_F	122826451	122826504	4
FGF3_E198_R	69819201	69819250	11
FGF3_P171_R	69819567	69819616	11
FGF5_E16_F	80266582	80266629	4
FGF5_P238_R	80266325	80266377	4
FGF6_E294_F	4445297	4445343	12
FGF6_P139_R	4445726	4445775	12
FGF7_P44_F	49423188	49423245	15
FGF7_P610_F	49422623	49422680	15
FGF8_E183_F	101775866	101775912	10
FGF8_P473_F	101776522	101776568	10
FGF9_P1404_F	21670306	21670356	13
FGF9_P862_R	21670854	21670905	13
FGFR1_E317_F	38468281	38468325	8
FGFR1_P204_F	38468795	38468846	8
FGFR2_P266_R	121598646	121598694	10
FGFR2_P460_R	121598833	121598882	10
FGFR3_E297_R	1794172	1794224	4
FGFR3_P1152_R	1792719	1792767	4
FGFR4_P610_F	177086285	177086337	5
FGR_P39_F	27624076	27624128	1
FHIT_E19_R	61251404	61251453	3
FHIT_P93_R	61251514	61251567	3
FHL1_E229_R	136147729	136147773	X
FHL1_P768_F	136146725	136146777	X
FLI1_E29_F	128694100	128694144	11
FLI1_P620_R	128693454	128693499	11
FLJ20712_P984_R	33724980	33725029	7
FLT1_E444_F	28494626	28494678	13
FLT1_P302_F	28495374	28495419	13
FLT1_P615_R	28495683	28495735	13
FLT3_E326_R	28100216	28100261	13
FLT3_P302_F	28100845	28100896	13
FLT4_E206_F	180649341	180649383	5
FLT4_P180_R	180649720	180649770	5
FMR1_P484_R	147911487	147911532	X
FMR1_P62_R	147911908	147911955	X
FN1_E469_F	215435578	215435625	2
FN1_P229_R	215436269	215436321	2
FOLR1_E368_R	72189899	72189953	11
FOSL2_E384_R	28393272	28393320	2
FRK_P258_F	116060992	116061047	6
FRK_P36_F	116060768	116060821	6
FRZB_E186_R	182866561	182866608	2
FRZB_P406_F	182867152	182867201	2
FVT1_P225_F	63367431	63367474	18
FYN_P352_R	111873749	111873798	6
FZD7_E296_F	202034856	202034906	2
FZD9_E458_F	73434212	73434260	7
FZD9_P15_R	73433744	73433793	7
FZD9_P175_F	73433579	73433626	7
G6PD_E190_F	154547044	154547090	X
G6PD_P1065_R	154548295	154548342	X
G6PD_P196_F	154547426	154547478	X
G6PD_P597_F	154547833	154547880	X
GABRA5_E44_R	26914825	26914878	15
GABRA5_P1016_F	26913757	26913807	15
GABRA5_P862_R	26913919	26913968	15
GABRB3_E42_F	26773715	26773765	15
GABRB3_P92_F	26773853	26773903	15
GABRG3_E123_R	27425126	27425178	15
GADD45A_P737_R	67684443	67684486	1
GALR1_E52_F	77249803	77249853	18
GALR1_P80_F	77249672	77249721	18
GAS1_E22_F	86947145	86947192	9
GAS1_P754_R	86947915	86947968	9
GAS7_E148_F	10198383	10198428	17
GAS7_P622_R	10199149	10199194	17
GATA6_P21_R	22169412	22169457	18
GATA6_P726_F	22168702	22168751	18
GDF10_E39_F	47300262	47300207	10
GDF10_P95_R	47300131	47300079	10
GFAP_P1214_F	44916691	44916737	17
GFAP_P56_R	44915533	44915579	17
GFI1_E136_F	92486719	92486768	1
GFI1_P208_R	92487056	92487112	1
GFI1_P45_R	92486895	92486942	1
GJB2_E43_F	20192828	20192881	13
GJB2_P791_R	20193666	20193711	13
GJB2_P931_R	20193804	20193848	13
GLA_E98_R	101407840	101407891	X
GLA_P112_F	101408051	101408099	X
GLA_P343_R	101408282	101408328	X
GLI2_E90_F	120792346	120792401	2
GLI2_P295_F	120791965	120792015	2
GLI3_E148_R	42235412	42235468	7
GLI3_P453_R	42236018	42236063	7
GML_E144_F	142834920	142834968	8
GML_P281_R	142834497	142834549	8
GNAS_E58_F	58839774	58839823	20
GNAS_P86_F	58839624	58839673	20
GNG7_E310_R	2652253	2652310	19
GNG7_P903_F	2653474	2653519	19
GNMT_E126_F	42960858	42960915	6
GNMT_P197_F	42960542	42960591	6
GP1BB_E23_F	19723539	19723587	22
GP1BB_P278_R	19723244	19723296	22
GPATC3_P410_R	26900850	26900904	1
GPC3_E72_F	133985544	133985596	X
GPC3_P235_R	133985846	133985901	X
GPR116_E328_R	46914772	46914820	6
GPR116_P850_F	46915958	46916010	6
GPX1_E46_R	49358282	49358336	3
GPX1_P194_F	49358530	49358576	3
GPX3_E178_F	151020514	151020558	5
GRB10_E85_R	50793351	50793397	7
GRB10_P260_F	50793698	50793744	7
GRB10_P496_R	50793932	50793976	7
GRB7_E71_R	39737981	39738031	17
GRB7_P160_R	39737748	39737797	17
GRPR_P200_R	16123074	16123132	X
GSTM1_P266_F	109687525	109687576	1
GSTM1_P363_F	109687432	109687478	1
GSTM2_E153_F	109668198	109668241	1
GSTM2_P109_R	109667938	109667984	1
GSTM2_P453_R	109667593	109667647	1
GSTP1_E322_R	67584110	67584163	11
GSTP1_P74_F	67583717	67583763	11
GSTP1_seq_38_S153_R	67583743	67583794	11
GUCY2D_E419_R	8003070	8003118	17
GUCY2D_P48_R	8002599	8002646	17
GUCY2F_P255_F	109482287	109482339	X
H19_P1411_R	1999222	1999271	11
H19_P541_F	1998357	1998405	11
HBEGF_P32_R	140346597	140346642	5
HBII-13_E48_F	24985118	24985176	15
HBII-13_P991_R	24984082	24984137	15
HBII-52_E142_F	25170846	25170894	15
HBII-52_P563_F	25170140	25170190	15
HBII-52_P659_F	25170046	25170094	15
HCK_P46_R	32052185	32052236	20
HCK_P858_F	32051372	32051422	20
HDAC1_P414_R	32291672	32291717	1
HDAC11_P556_F	13479745	13479789	3
HDAC5_E298_F	44123326	44123372	17
HDAC6_E102_F	48802158	48802203	X
HDAC6_P153_F	48801906	48801949	X
HDAC7A_P344_F	47799463	47799507	12
HDAC9_E38_F	18495754	18495807	7
HDAC9_P137_R	18495585	18495640	7
HFE_E273_R	26087469	26087524	6
HGF_E102_R	81770010	81770061	7
HGF_P1293_R	81771404	81771453	7
HHIP_E94_F	144646090	144646143	4
HHIP_P307_R	144645690	144645741	4
HHIP_P578_R	144645422	144645470	4
HIC1_E151_F	2055097	2055140	17
HIC1_P565_R	2054384	2054435	17
HIC-1_seq_48_S103_R	2057608	2057666	17
HIC2_P498_F	18578449	18578404	22
HIC2_P528_R	18578481	18578430	22
HIF1A_P488_F	61695006	61695061	14
HLA-DOA_P191_R	33009777	33009827	6
HLA-DOA_P594_F	33010186	33010230	6
HLA-DOB_P357_R	32817339	32817392	6
HLA-DPA1_E35_R	33073537	33073590	6
HLA-DPA1_P205_R	33073778	33073834	6
HLA-DPA1_P28_R	33073605	33073651	6
HLA-DPB1_E2_R	33075963	33076015	6
HLA-DPB1_P540_F	33075415	33075468	6
HLA-DQA2_E93_F	32741458	32741502	6
HLA-DQA2_P282_R	32741077	32741127	6
HLA-DRA_P132_R	32439711	32439769	6
HLA-DRA_P77_R	32439773	32439824	6
HLA-F_E402_F	29723837	29723891	6
HLF_E192_F	55265177	55265228	17
HOXA11_E35_F	27185154	27185207	7
HOXA11_P698_F	27185887	27185935	7
HOXA11_P92_R	27185279	27185330	7
HOXA5_E187_F	27143457	27143510	7
HOXA5_P1324_F	27144970	27145020	7
HOXA5_P479_F	27144127	27144177	7
HOXA9_E252_R	27165251	27165300	7
HOXA9_P1141_R	27166642	27166692	7
HOXA9_P303_F	27165811	27165864	7
HOXB13_E21_F	48728683	48728732	17
HOXB13_P17_R	48728715	48728764	17
HOXB2_P488_R	48545493	48545537	17
HOXB2_P99_F	48545107	48545160	17
HOXC6_P456_R	54016575	54016622	12
HOXC6_P585_R	54016441	54016491	12
HPN_P374_R	35040106	35040158	19
HPN_P823_F	35039655	35039706	19
HPSE_P29_F	83335160	83335209	4
HPSE_P93_F	83335224	83335273	4
HRASLS_E72_R	193241180	193241225	3
HRASLS_P353_R	193240757	193240803	3
HS3ST2_E145_R	22814662	22814715	16
HS3ST2_P171_F	22814343	22814389	16
HS3ST2_P546_F	22813970	22814013	16
HSD17B12_E145_R	43680878	43680927	11
HSD17B12_P97_F	43680630	43680685	11
HSPA2_P162_R	64535716	64535768	14
HTR1B_E232_R	77463145	77463194	6
HTR1B_P107_F	77463487	77463535	6
HTR1B_P222_F	77463603	77463654	6
HTR2A_E10_R	46896004	46896049	13
HTR2A_P853_F	46896868	46896919	13
IAPP_E280_F	21373138	21373192	12
ICA1_P61_F	8262566	8262617	7
ICA1_P72_R	8262571	8262623	7
ICAM1_E242_F	10271323	10271373	19
ICAM1_P119_R	10270965	10271011	19
ICAM1_P386_R	10270697	10270747	19
ID1_P659_R	31604608	31604656	20
ID1_P880_F	31604383	31604431	20
IFNG_E293_F	68159422	68159474	12
IFNG_P188_F	68159904	68159955	12
IFNG_P459_R	68160170	68160224	12
IFNGR1_P307_F	137219654	137219708	6
IFNGR2_E164_F	33403034	33403086	21
IFNGR2_P377_R	33402492	33402544	21
IGF1_E394_F	102480130	102480182	12
IGF1_P933_F	102481455	102481509	12
IGF1R_E186_R	98649701	98649750	15
IGF1R_P325_R	98649189	98649239	15
IGF2_E134_R	2138610	2138665	11
IGF2_P1036_R	2139783	2139833	11
IGF2_P36_R	2138785	2138829	11
IGF2AS_E4_F	2140497	2140545	11
IGF2AS_P203_F	2140288	2140342	11
IGF2R_P396_R	159968677	159968732	6
IGFBP1_E48_R	45888382	45888437	7
IGFBP1_P12_R	45888330	45888379	7
IGFBP2_P306_F	216633073	216633125	2
IGFBP2_P353_R	216633026	216633075	2
IGFBP3_E65_R	45921182	45921230	7
IGFBP3_P1035_F	45922284	45922335	7
IGFBP3_P423_R	45921669	45921720	7
IGFBP5_E144_F	216695384	216695431	2
IGFBP5_P9_R	216695530	216695582	2
IGFBP6_E47_F	53097677	53097724	12
IGFBP6_P328_R	53097305	53097354	12
IGFBP7_P297_F	57110649	57110696	4
IGFBP7_P371_F	57110721	57110774	4
IGSF4_P454_F	115504827	115504877	11
IGSF4_P86_R	115504456	115504509	11
IGSF4C_E65_F	43639752	43639797	19
IGSF4C_P533_R	43640349	43640396	19
IHH_E186_F	219060257	219060308	2
IHH_P246_R	219060690	219060737	2
IHH_P529_F	219060974	219061022	2
IL10_P348_F	206772816	206772869	1
IL10_P85_F	206772560	206772609	1
IL11_E232_F	55370190	55370238	19
IL11_P11_R	55370429	55370477	19
IL12A_E287_R	159989107	159989157	3
IL12B_E25_F	159330421	159330475	5
IL12B_P1453_F	159331904	159331948	5
IL12B_P392_R	159330840	159330889	5
IL13_E75_R	132658223	132658279	5
IL16_P226_F	81182610	81182658	15
IL16_P93_R	81182744	81182792	15
IL17RB_E164_R	53846689	53846734	3
IL17RB_P788_R	53845734	53845780	3
IL18BP_E285_F	71999157	71999201	11
IL18BP_P51_R	71998817	71998873	11
IL1A_E113_R	112785253	112785304	2
IL1B_P582_R	112837337	112837384	2
IL1B_P829_F	112837583	112837634	2
IL1RN_E42_F	113117910	113117960	2
IL1RN_P93_R	113117781	113117825	2
IL2_P607_R	122457302	122457360	4
IL3_P556_F	132060068	132060122	5
IL4_P262_R	132673396	132673445	5
IL6_E168_F	22727348	22727393	7
IL6_P213_R	22726961	22727014	7
IL6_P611_F	22726563	22726613	7
IL8_E118_R	73740651	73740706	4
IL8_P83_F	73740450	73740501	4
IMPACT_P186_F	24426506	24426555	18
IMPACT_P234_R	24426459	24426510	18
INHA_P1144_R	219571068	219571110	2
INHA_P1189_F	219571017	219571063	2
INS_P248_F	2161419	2161468	11
INS_P804_R	2161972	2162018	11
INSR_E97_F	7293880	7293929	19
INSR_P1063_R	7295038	7295087	19
IPF1_P234_F	27919779	27919834	13
IPF1_P750_F	27919264	27919309	13
IRAK1_P312_F	154020182	154020230	X
IRAK1_P455_R	154020319	154020373	X
IRAK3_E130_F	66189338	66189389	12
IRAK3_P13_F	66189199	66189247	12
IRAK3_P185_F	66189028	66189077	12
IRF5_E101_F	128938012	128938062	7
IRF5_P123_F	128937794	128937843	7
IRF7_E236_R	615669	615715	11
IRF7_P277_R	616182	616227	11
ISL1_E87_R	51383500	51383548	5
ISL1_P379_F	51383033	51383079	5
ISL1_P554_F	51382856	51382904	5
ITGA2_E120_F	52989521	52989569	5
ITGA2_P26_R	52989377	52989428	5
ITGA6_P298_R	172427317	172427369	2
ITGA6_P718_R	172426901	172426951	2
ITGB1_P451_F	32958697	32958746	10
ITGB4_E144_F	75721556	75721606	17
ITGB4_P517_F	75720898	75720943	17
ITK_E166_R	157181041	157181090	5
ITK_P114_F	157180758	157180808	5
ITPR2_P804_F	26833980	26834024	12
ITPR3_E86_R	33621630	33621680	6
ITPR3_P1112_F	33620427	33620476	6
JAG1_P66_F	10673987	10674032	20
JAG2_E54_F	105168750	105168796	14
JAG2_P264_F	105169065	105169114	14
JAK2_P772_R	4984451	4984499	9
JAK3_E64_F	17847905	17847954	19
JAK3_P1075_R	17849039	17849087	19
JAK3_P156_R	17848117	17848171	19
JUNB_P1149_R	12790321	12790373	19
KCNK4_E3_F	64291378	64291427	11
KCNK4_P171_R	64291213	64291255	11
KCNQ1_E349_R	2445320	2445364	11
KCNQ1_P546_R	2444427	2444469	11
KDR_E79_F	55125491	55125543	4
KDR_P445_R	55126011	55126066	4
KIAA0125_E29_F	105924751	105924800	14
KIAA1804_P689_R	233327058	233327110	1
KIT_P367_R	54657604	54657652	4
KIT_P405_F	54657566	54657611	4
KLF5_E190_R	73059173	73059220	13
KLF5_P13_F	73058969	73059015	13
KLK10_P268_R	51020266	51020317	19
KLK11_P103_R	51028110	51028162	19
KLK11_P1290_F	51029300	51029353	19
KRAS_E82_F	25250818	25250865	12
KRAS_P651_F	25251549	25251597	12
KRT1_P798_R	52681163	52681221	12
KRT13_P341_R	41505930	41505973	17
KRT13_P676_F	41506264	41506314	17
KRT5_E196_R	52520238	52520287	12
KRT5_P308_F	52520744	52520795	12
L1CAM_P148_R	153875980	153876032	X
L1CAM_P19_F	153875856	153875898	X
LAMB1_E144_R	108003188	108003236	7
LAMC1_E466_R	183023862	183023914	1
LAMC1_P808_F	183022583	183022636	1
LAT_E46_F	28984851	28984893	16
LCK_E28_F	32251338	32251379	1
LCN2_P141_R	128149280	128149324	9
LCN2_P86_R	128149330	128149384	9
LEFTY2_P561_F	225941757	225941812	1
LEFTY2_P719_F	225941916	225941965	1
LIF_E208_F	30246531	30246581	22
LIF_P383_R	30247121	30247167	22
LIG3_P622_R	34979875	34979928	17
LIG4_P194_F	108215703	108215759	13
LIMK1_P709_R	74083098	74083142	7
LMO1_E265_R	8263569	8263619	11
LMO1_P169_F	8264003	8264056	11
LMO2_E148_F	33892121	33892171	11
LMO2_P794_R	33893058	33893106	11
LMTK2_P1034_F	98105821	98105878	7
LOX_P313_R	122078547	122078600	5
LOX_P71_F	122078308	122078355	5
LRP2_E20_F	169362461	169362510	2
LRRC32_E157_F	76669671	76669722	11
LRRC32_P865_R	76670692	76670739	11
LRRK1_P39_F	101022402	101022452	15
LRRK1_P834_F	101021610	101021656	15
LTA_E28_R	31572320	31572372	6
LTA_P214_R	31572084	31572128	6
LTB4R_E64_R	24313348	24313402	14
LTB4R_P163_F	24313121	24313167	14
LY6G6E_P45_R	31713832	31713880	6
LYN_E353_F	55880145	55880190	8
LYN_P241_F	55879547	55879595	8
MAD2L1_E93_F	120066694	120066742	4
MAF_E77_R	79600612	79600657	16
MAF_P826_R	79601512	79601563	16
MAGEA1_E113_R	153179454	153179410	X
MAGEA1_P926_F	153178415	153178362	X
MAGEC3_E307_F	141838598	141838647	X
MAGEC3_P903_F	141837383	141837433	X
MAGEL2_E166_R	23645652	23645696	15
MAGEL2_P170_R	23645984	23646034	15
MALT1_P406_R	58670956	58671007	18
MAP2K6_E297_F	69414971	69415021	17
MAP2K6_P297_R	69414382	69414431	17
MAP3K1_E81_F	56814496	56814539	5
MAP3K1_P7_F	56814401	56814455	5
MAP3K8_P1036_F	30432877	30432921	10
MAP3K9_E17_R	70809130	70809174	14
MAPK10_E26_F	86453082	86453128	4
MAPK12_E165_R	50261472	50261517	22
MAPK12_P416_F	50262055	50262106	22
MAPK14_P327_R	36027448	36027499	6
MAPK4_E273_R	50663720	50663764	18
MAPK9_P1175_F	180281766	180281811	5
MAS1_P469_R	159906449	159906503	6
MAS1_P657_R	159906258	159906315	6
MATK_P190_R	3801979	3802022	19
MATK_P64_F	3801853	3801904	19
MBD2_P233_F	54225001	54225048	18
MC2R_E455_F	13915058	13915105	18
MC2R_P1025_F	13916539	13916583	18
MCAM_P169_R	119317275	119317322	11
MCAM_P265_R	119317373	119317416	11
MCC_E23_R	113294555	113294605	5
MCC_P196_R	113294771	113294824	5
MCF2_E195_F	139642477	139642530	X
MCF2_P1024_R	139643688	139643746	X
MCF2_P445_F	139643112	139643167	X
MCM2_P241_R	127598148	127598195	3
MCM2_P260_F	127598128	127598176	3
MCM6_E136_F	135876284	135876333	2
MDR1_seq_42_S300_R	87600994	87601042	7
MDS1_E45_F	169663621	169663671	3
MECP2_E90_R	154097557	154097608	X
MECP2_P398_R	154098042	154098088	X
MEG3_E91_F	100826190	100826236	14
MEG3_P235_F	100825863	100825913	14
MEST_E150_F	130486327	130486380	7
MEST_P4_F	130486178	130486223	7
MEST_P62_R	130486120	130486169	7
MET_E333_F	116672713	116672759	7
MFAP4_P10_R	19387167	19387217	17
MFAP4_P197_F	19387351	19387408	17
MGMT_P272_R	129466910	129466956	10
MGMT_P281_F	129466896	129466944	10
MKRN3_E144_F	23565428	23565478	15
MKRN3_P108_F	23565170	23565223	15
MKRN4_E249_R	40834368	40834423	X
MKRN4_P1320_R	40832799	40832853	X
MLF1_E243_F	158571413	158571462	3
MLF1_P97_F	158571072	158571123	3
MLH1_P381_F	36993081	36993129	3
MLH3_E72_F	75051339	75051382	14
MLH3_P25_F	75051431	75051480	14
MLLT3_E93_R	20622332	20622380	9
MLLT4_P1400_F	167825708	167825755	6
MLLT6_P957_F	38704638	38704688	17
MME_E29_F	155079674	155079725	3
MME_P388_F	155079261	155079304	3
MMP1_P397_R	102798532	102798583	11
MMP1_P460_F	102798605	102798653	11
MMP10_E136_R	102780447	102780503	11
MMP14_P13_F	22836549	22836597	14
MMP14_P208_R	22836355	22836401	14
MMP19_E274_R	55842655	55842699	12
MMP19_P306_F	55843237	55843283	12
MMP2_E21_R	55479177	55479223	16
MMP2_P197_F	55478957	55478999	16
MMP2_P303_R	55478851	55478901	16
MMP3_P16_R	102843602	102843655	11
MMP3_P55_F	102843639	102843694	11
MMP7_E59_F	102530668	102530717	11
MMP7_P613_F	102531341	102531388	11
MMP8_E89_R	102724808	102724863	11
MMP9_E88_R	46008974	46009021	20
MMP9_P189_F	46008694	46008738	20
MMP9_P237_R	46008653	46008702	20
MOS_E60_R	56113900	56113944	8
MOS_P27_R	56113984	56114032	8
MOS_P746_F	56114710	56114752	8
MPL_P62_F	43337720	43337763	1
MPL_P657_F	43337118	43337171	1
MPO_E302_R	58280607	58280656	17
MPO_P883_R	58281795	58281839	17
MSH2_P1008_F	47402091	47402139	2
MSH3_E3_F	80654449	80654504	5
MSH3_P13_R	80654438	80654489	5
MSSK1_seq_27_S45_F	153781702	153781757	X
MST1R_E42_R	49903566	49903615	3
MST1R_P392_F	49904005	49904055	3
MST1R_P87_R	49903696	49903752	3
MT1A_E13_R	56638661	56638710	16
MT1A_P49_R	56638596	56638640	16
MT1A_P600_F	56638041	56638090	16
MTA1_P478_F	105419524	105419574	14
MUC1_E18_R	155192864	155192910	1
MUC1_P191_F	155193082	155193124	1
MUSK_P308_F	110668530	110668578	9
MXI1_P1269_F	110206312	110206363	10
MXI1_P75_R	110207508	110207557	10
MYB_P673_R	135180617	135180673	6
MYBL2_P211_F	43666835	43666882	20
MYBL2_P354_F	43666690	43666736	20
MYCL1_P502_R	39902492	39902540	1
MYCL2_E44_R	107272599	107272652	X
MYCL2_P19_F	107272534	107272591	X
MYCN_E77_R	15940617	15940665	2
MYCN_P464_R	15940074	15940123	2
MYH11_P22_F	15857013	15857061	16
MYH11_P236_R	15857218	15857271	16
MYLK_E132_R	123884145	123884192	3
MYLK_P469_R	123884747	123884795	3
MYOD1_E156_F	17719745	17719796	11
MYOD1_P50_F	17719534	17719582	11
NAT2_P11_F	18391208	18391259	8
NBL1_E205_R	19643417	19643463	1
NBL1_P24_F	19643186	19643236	1
NCL_P1102_F	231465575	231465621	2
NCL_P840_R	231465305	231465356	2
NDN_E131_R	23687151	23687197	15
NDN_P1110_F	23688389	23688442	15
NEFL_E23_R	24956466	24956516	8
NEFL_P209_R	24956698	24956745	8
NEO1_P1067_F	73051440	73051495	15
NES_P239_R	156677609	156677664	1
NEU1_P745_F	31863627	31863676	6
NFKB1_P336_R	102500972	102501019	4
NFKB1_P496_F	102500805	102500861	4
NFKB2_P709_R	102394971	102395028	10
NGFB_E353_F	115337861	115337914	1
NGFB_P13_F	115338225	115338279	1
NGFR_E328_F	49495610	49495652	17
NGFR_P355_F	49494924	49494970	17
NID1_P714_R	236074468	236074525	1
NKX3-1_P146_F	23683064	23683107	8
NKX3-1_P871_R	23683782	23683830	8
NNAT_P544_R	37520641	37520689	20
NOS2A_E117_R	27800386	27800437	17
NOS2A_P288_R	27800790	27800843	17
NOTCH1_E452_R	136545307	136545361	9
NOTCH1_P1198_F	136546961	136547010	9
NOTCH2_P312_R	120069949	120069995	1
NOTCH3_E403_F	15200556	15200604	19
NOTCH3_P198_R	15201151	15201202	19
NOTCH4_E4_F	32224041	32224094	6
NOTCH4_P938_F	32224986	32225033	6
NPR2_P1093_F	35791293	35791336	9
NPR2_P618_F	35791767	35791816	9
NPY_E31_R	24284201	24284248	7
NPY_P295_F	24283871	24283919	7
NPY_P91_F	24284076	24284120	7
NQO1_E74_R	69726533	69726581	16
NQO1_P345_R	69726949	69726998	16
NR2F6_E375_R	17244943	17244990	19
NRAS_P103_R	114716967	114717024	1
NRAS_P12_R	114716877	114716934	1
NRG1_E74_F	32548284	32548329	8
NRG1_P558_R	32547652	32547705	8
NTRK1_E74_F	156815797	156815847	1
NTRK2_P10_F	84668515	84668565	9
NTRK2_P395_R	84668134	84668179	9
NTRK3_E131_F	88256277	88256327	15
NTRK3_P636_R	88257042	88257089	15
NTRK3_P752_F	88257162	88257210	15
NTSR1_E109_F	62708922	62708969	20
NTSR1_P318_F	62708493	62708540	20
OAT_P465_F	124419327	124419370	10
ODC1_P424_F	10448725	10448776	2
OGG1_E400_F	9749394	9749444	3
ONECUT2_E96_F	57435751	57435803	18
ONECUT2_P315_R	57435347	57435395	18
OPCML_E219_R	133532265	133532315	11
OPCML_P71_F	133532559	133532607	11
OSM_P188_F	30267018	30267066	22
OSM_P34_F	30266862	30266913	22
p16_seq_47_S188_R	21974685	21974731	9
p16_seq_47_S85_F	21974792	21974837	9
P2RX7_E323_R	121133172	121133227	12
P2RX7_P119_R	121132737	121132787	12
P2RX7_P597_F	121132251	121132298	12
PADI4_E24_F	153415	153467	1
PADI4_P1011_R	152389	152440	1
PADI4_P1158_R	17307016	17307064	1
PALM2-AKAP2_P183_R	109780106	109780152	9
PALM2-AKAP2_P420_R	109779869	109779913	9
PARP1_P610_R	226408676	226408723	1
PAX6_E129_F	31811181	31811229	11
PAX6_P1121_F	31812429	31812479	11
PAX6_P50_R	31811354	31811404	11
PCDH1_E22_F	141878333	141878382	5
PCDH1_P264_F	141878622	141878667	5
PCGF4_P760_R	22320425	22320475	10
PCGF4_P92_R	22321098	22321142	10
PCTK1_E77_R	47218286	47218338	X
PDE1B_E141_F	54549735	54549782	12
PDE1B_P263_R	54549333	54549382	12
PDGFA_P78_F	519460	519505	7
PDGFA_P841_R	520217	520268	7
PDGFB_E25_R	39244935	39244983	22
PDGFB_P719_F	39245682	39245733	22
PDGFRA_E125_F	54229377	54229424	4
PDGFRA_P1429_F	54227826	54227873	4
PDGFRB_E195_R	150155639	150155683	5
PDGFRB_P273_F	150156112	150156160	5
PDGFRB_P343_F	150156182	150156228	5
PECAM1_E32_R	64390801	64390851	17
PECAM1_P135_F	64390967	64391018	17
PEG10_P978_R	94655378	94655422	7
PEG3_E496_F	56840173	56840225	19
PENK_E26_F	56445981	56446026	8
PENK_P447_R	56446451	56446500	8
PGF_E33_F	74955534	74955579	14
PGF_P320_F	74955889	74955937	14
PGR_E183_R	101130314	101130365	11
PGR_P456_R	101130951	101131008	11
PGR_P790_F	101131291	101131342	11
PHLDA2_E159_R	2929239	2929282	11
PHLDA2_P622_F	2930020	2930068	11
PI3_E107_F	45174940	45174985	20
PI3_P1394_R	45173440	45173492	20
PI3_P274_R	45174556	45174613	20
PIK3R1_P307_F	68226298	68226354	5
PITX2_E24_R	110637304	110637353	4
PITX2_P183_R	110637509	110637559	4
PKD2_P287_R	88007359	88007404	4
PKD2_P336_R	88007311	88007357	4
PLA2G2A_E268_F	19980127	19980170	1
PLA2G2A_P528_F	19980924	19980972	1
PLAGL1_E68_R	144008325	144008371	6
PLAGL1_P236_R	144008627	144008675	6
PLAGL1_P334_F	144008724	144008777	6
PLAT_E158_F	42207498	42207544	8
PLAT_P80_F	42207736	42207785	8
PLAU_P11_F	73911094	73911145	10
PLAU_P176_R	73910936	73910983	10
PLAUR_E123_F	43670206	43670252	19
PLAUR_P82_F	43670410	43670463	19
PLG_E406_F	160702627	160702680	6
PLG_P370_F	87022229	87022184	6
PLS3_E70_F	115561225	115561279	X
PLS3_P94_R	115561070	115561114	X
PLSCR3_P751_R	7395252	7395303	17
PLXDC1_E71_F	39151424	39151474	17
PLXDC1_P236_F	39151736	39151782	17
PLXDC2_E337_F	19816754	19816803	10
PLXDC2_P914_R	19815505	19815554	10
PMP22_P1254_F	15266561	15266612	17
PMP22_P975_F	15266281	15266331	17
PODXL_P1341_R	131557924	131557973	7
POMC_E254_F	25168307	25168355	2
POMC_P400_R	25168956	25169005	2
POMC_P53_F	25168611	25168661	2
PPARD_P846_F	35341739	35341783	6
PPARG_E178_R	12288016	12288069	3
PPARG_P693_F	12287139	12287191	3
PPAT_E170_R	56435484	56435536	4
PPP2R1B_P268_R	111766685	111766735	11
PRDM2_P1340_R	13703491	13703544	1
PRKAR1A_P337_R	68511610	68511659	17
PRKCDBP_E206_F	6320282	6320326	11
PRKCDBP_P352_R	6320839	6320887	11
PROK2_E0_F	71785041	71785086	3
PROK2_P390_F	71785429	71785481	3
PROM1_P44_R	16075966	16076008	4
PRSS1_E45_R	142749497	142749551	7
PRSS1_P1249_R	142748212	142748258	7
PRSS8_E134_R	31135672	31135724	16
PSCA_E359_F	142680828	142680874	8
PSCA_P135_F	142680339	142680381	8
PSIP1_P163_R	15511120	15511170	9
PTCH_E42_F	95508484	95508537	9
PTCH2_E173_F	44842745	44842798	1
PTCH2_P37_F	44842961	44843006	1
PTCH2_P568_R	44843483	44843532	1
PTEN_P438_F	78795	78847	10
PTGS1_E80_F	122371008	122371057	9
PTGS1_P2_F	122370923	122370968	9
PTGS2_P308_F	186680710	186680757	1
PTGS2_P524_R	186680924	186680974	1
PTHLH_E251_F	27971709	27971761	12
PTHLH_P15_R	27971968	27972019	12
PTHLH_P757_F	27972715	27972767	12
PTHR1_E36_R	46877762	46877813	3
PTHR1_P170_R	46877555	46877606	3
PTHR1_P258_F	46877458	46877509	3
PTK2_P735_R	141001939	141001994	8
PTK2B_P673_R	27310785	27310836	8
PTK6_E50_F	63537284	63537330	20
PTK7_E317_F	43076585	43076628	6
PTPN6_E171_R	6946723	6946771	12
PTPN6_P282_R	6946273	6946322	12
PTPNS1_E433_R	1895190	1895237	20
PTPNS1_P301_R	1894459	1894501	20
PTPRF_E178_R	43531031	43531079	1
PTPRG_E40_R	61561593	61561634	3
PTPRG_P476_F	61561067	61561121	3
PTPRH_E173_F	55209280	55209326	19
PTPRH_P255_F	55209708	55209756	19
PTPRO_E56_F	15322585	15322634	12
PTPRO_P371_F	15322161	15322205	12
PURA_P928_R	140113168	140113218	5
PWCR1_E81_R	25051534	25051588	15
PWCR1_P357_F	25051095	25051141	15
PWCR1_P811_F	25050641	25050689	15
PXN_P308_F	120265991	120266040	12
PYCARD_E87_F	31202823	31202868	16
PYCARD_P150_F	31203053	31203104	16
PYCARD_P393_F	31203303	31203350	16
RAB32_E314_R	146543984	146544028	6
RAB32_P493_R	146543178	146543227	6
RAD50_P191_F	132556721	132556773	5
RAD54B_P227_F	94475282	94475338	8
RAF1_P330_F	12664485	12664535	3
RAN_P581_R	130871419	130871469	12
RAP1A_P285_R	111619471	111619526	1
RARA_E128_R	40309303	40309349	17
RARA_P1076_R	40308099	40308142	17
RARA_P176_R	40308998	40309043	17
RARB_E114_F	25428355	25428400	3
RARB_P60_F	25428174	25428226	3
RARRES1_E235_F	158732228	158732276	3
RARRES1_P426_R	158732890	158732931	3
RARRES1_P57_R	158732518	158732564	3
RASA1_E107_F	87268416	87268463	5
RASGRF1_E16_F	79090461	79090510	15
RASGRF1_P768_F	79091241	79091292	15
RASSF1_E116_F	50340800	50340851	3
RASSF1_P244_F	50341161	50341210	3
RBL2_P250_R	53434212	53434268	16
RBP1_E158_F	139539467	139539514	3
RBP1_P150_F	139539777	139539824	3
RBP1_P426_R	139540049	139540098	3
RET_P717_F	43076337	43076384	10
RET_seq_53_S374_F	43076610	43076661	10
RET_seq_54_S260_F	43077064	43077114	10
RHOC_P536_F	112707613	112707657	1
RHOH_P121_F	40196833	40196884	4
RHOH_P953_R	40196002	40196056	4
RIPK1_P744_R	3076054	3076111	6
RIPK1_P868_F	3075926	3075977	6
RIPK2_E123_F	89757908	89757952	8
RIPK3_P124_F	24340064	24340115	14
RIPK3_P24_F	24339970	24340022	14
RIPK4_E166_F	41766899	41766949	21
RIPK4_P172_F	41767239	41767288	21
ROR1_P6_F	63774012	63774061	1
ROR2_E112_F	91950029	91950074	9
ROR2_P317_R	91950454	91950502	9
RRAS_P100_R	49640221	49640262	19
RUNX1T1_E145_R	92095045	92095094	8
RUNX1T1_P103_F	92095300	92095340	8
RUNX3_E27_R	24964934	24964981	1
RUNX3_P247_F	24965206	24965258	1
RUNX3_P393_R	24965349	24965403	1
RYK_P493_F	134251213	134251268	3
S100A2_E36_R	153565772	153565813	1
S100A2_P1186_F	153566995	153567043	1
S100A4_E315_F	153545465	153545517	1
S100A4_P194_R	153545975	153546022	1
S100A4_P887_R	153546668	153546712	1
SCGB3A1_E55_R	180591406	180591454	5
SCGB3A1_P103_R	180591563	180591613	5
SEMA3A_P343_F	84194913	84194970	7
SEMA3A_P658_R	84195224	84195281	7
SEMA3B_E96_F	50267680	50267725	3
SEMA3B_P110_R	50267479	50267525	3
SEMA3C_E49_R	80919276	80919325	7
SEMA3C_P642_F	80919970	80920021	7
SEMA3F_E333_R	50155724	50155773	3
SEMA3F_P692_R	50154700	50154748	3
SEPT5_P441_F	19713993	19714046	22
SEPT5_P464_R	19713974	19714027	22
SEPT9_P374_F	77319668	77319715	17
SEPT9_P58_R	77319988	77320032	17
SERPINA5_E69_F	94581519	94581565	14
SERPINA5_P156_F	94581294	94581340	14
SERPINB2_P939_F	63886739	63886793	18
SERPINB5_P19_R	63476944	63476994	18
SERPINE1_E189_R	101127335	101127387	7
SERPINE1_P519_F	101126628	101126674	7
SEZ6L_P249_F	26169240	26169288	22
SEZ6L_P299_F	26169192	26169239	22
SFN_E118_F	26863230	26863286	1
SFN_P248_F	26862866	26862915	1
SFRP1_E398_R	41309033	41309087	8
SFRP1_P157_F	41309593	41309643	8
SFTPA1_E340_R	79611277	79611323	10
SFTPA1_P421_F	79610512	79610559	10
SFTPB_P689_R	85668856	85668904	2
SFTPC_E13_F	22161644	22161689	8
SFTPD_E169_F	79948916	79948960	10
SGCE_E149_F	94655990	94656041	7
SGCE_P250_R	94656391	94656439	7
SH3BP2_E18_F	2818809	2818856	4
SH3BP2_P771_R	2818020	2818067	4
SHB_P473_R	38069663	38069712	9
SHB_P691_R	38069878	38069926	9
SHH_E328_F	155811925	155811972	7
SHH_P104_R	155812352	155812399	7
SIN3B_P514_R	16828870	16828919	19
SIN3B_P607_F	16828775	16828820	19
SKI_E465_R	2229136	2229188	1
SLC14A1_E295_F	45724458	45724512	18
SLC14A1_P369_R	45723801	45723847	18
SLC22A18_P216_R	2899484	2899536	11
SLC22A18_P472_R	2899227	2899274	11
SLC22A2_E271_R	160258628	160258683	6
SLC22A2_P109_F	160259009	160259060	6
SLC22A3_E122_R	160348489	160348542	6
SLC22A3_P528_F	160347838	160347885	6
SLC22A3_P634_F	160347736	160347780	6
SLC5A5_E60_F	17872006	17872053	19
SLC5A8_E60_R	101210126	101210174	12
SLC5A8_P38_R	101210223	101210277	12
SLC6A8_P193_R	153687724	153687767	X
SLC6A8_P409_F	153687503	153687548	X
SLC6A8_seq_28_S227_F	153688590	153688640	X
SLIT2_E111_R	20253701	20253752	4
SLIT2_P208_F	20253376	20253426	4
SMAD2_P708_R	47931537	47931580	18
SMAD2_P848_R	47931675	47931722	18
SMAD4_P474_R	51029749	51029797	18
SMARCA3_E20_F	149086491	149086538	3
SMARCA3_P109_R	149086612	149086661	3
SMARCA3_P17_R	149086519	149086571	3
SMARCA4_P362_R	10960548	10960594	19
SMARCB1_P220_R	23786724	23786769	22
SMO_E57_F	129188906	129188953	7
SMO_P455_R	129188396	129188440	7
SNCG_E119_F	86958754	86958802	10
SNCG_P53_F	86958579	86958633	10
SNCG_P98_R	86958536	86958589	10
SNRPN_E14_F	24823632	24823689	15
SNRPN_P230_R	24823395	24823448	15
SNRPN_seq_12_S127_F	24954951	24954999	15
SNRPN_seq_18_S99_F	24955018	24955076	15
SNURF_E256_R	24955218	24955274	15
SNURF_P2_R	24954959	24955014	15
SNURF_P78_F	24954880	24954931	15
SOD3_P225_F	24794178	24794236	4
SOD3_P460_R	24793948	24794004	4
SOX1_P1018_R	112066558	112066607	13
SOX1_P294_F	112067281	112067330	13
SOX17_P287_R	54457622	54457673	8
SOX17_P303_F	54457604	54457656	8
SOX2_P546_F	181711363	181711412	3
SPARC_E50_R	151686879	151686926	5
SPARC_P195_F	151687129	151687180	5
SPDEF_E116_R	34556172	34556220	6
SPDEF_P6_R	34556294	34556342	6
SPI1_E205_F	47378321	47378368	11
SPI1_P48_F	47378574	47378620	11
SPI1_P929_F	47379452	47379502	11
SPP1_E140_R	87975768	87975821	4
SPP1_P647_F	87974979	87975031	4
SRC_E100_R	37344764	37344814	20
SRC_P164_F	37344491	37344544	20
SRC_P297_F	37344362	37344415	20
ST6GAL1_P164_R	186930543	186930585	3
ST6GAL1_P528_F	186930169	186930227	3
STAT5A_E42_F	42287562	42287613	17
STAT5A_P704_R	42286821	42286869	17
STK11_P295_R	1205484	1205526	19
STK23_E182_R	153781218	153781262	X
STK23_P24_F	153781002	153781055	X
SYBL1_E23_R	155881353	155881400	X
SYBL1_P349_F	155880979	155881028	X
SYK_E372_F	90802135	90802183	9
SYK_P584_F	90801179	90801231	9
TAL1_E122_F	47229625	47229677	1
TAL1_P594_F	47230338	47230393	1
TAL1_P817_F	47230561	47230614	1
TBX1_P520_F	19756159	19756204	22
TBX1_P885_R	19755794	19755845	22
TCF4_P175_R	55588360	55588409	18
TCF4_P317_F	55588506	55588555	18
TCF7L2_E411_F	112950837	112950886	10
TCF7L2_P193_R	112950237	112950282	10
TDG_E129_F	25803201	25803253	12
TDGF1_E53_R	46577756	46577798	3
TDGF1_P428_R	46577274	46577319	3
TEK_E75_F	27109488	27109538	9
TEK_P479_R	27108938	27108988	9
TEK_P526_F	27108889	27108942	9
TERT_E20_F	1295004	1295053	5
TERT_P360_R	1295381	1295424	5
TES_E172_F	116210677	116210725	7
TES_P182_F	116210318	116210369	7
TESK2_P252_R	45491388	45491441	1
TFAP2C_E260_F	56629537	56629589	20
TFAP2C_P765_F	56628509	56628558	20
TFDP1_P543_R	113584179	113584227	13
TFE3_P421_F	49043860	49043913	X
TFF1_P180_R	42366688	42366738	21
TFF2_P178_F	42351153	42351204	21
TFF2_P557_R	42351531	42351580	21
TFPI2_E141_F	93890585	93890636	7
TFPI2_P152_R	93890881	93890931	7
TFPI2_P9_F	93890737	93890788	7
TFRC_P414_R	196082457	196082509	3
TGFA_P558_F	70554336	70554384	2
TGFA_P642_R	70554417	70554463	2
TGFB1_P833_R	41354719	41354771	19
TGFB2_E226_R	218346726	218346781	1
TGFB2_P632_F	218345867	218345917	1
TGFB3_E58_R	75981063	75981110	14
TGFBI_P173_F	136028811	136028855	5
TGFBI_P31_R	136028954	136029004	5
TGFBR3_E188_R	91885884	91885933	1
TGFBR3_P429_F	91886507	91886554	1
THBS1_E207_R	39581267	39581314	15
THBS1_P500_F	39580556	39580603	15
THBS2_E129_F	169253887	169253941	6
THBS2_P605_R	169254617	169254675	6
THPO_E483_F	184377642	184377687	3
THPO_P585_R	184378703	184378756	3
THY1_P149_R	119423298	119423341	11
THY1_P20_R	119423164	119423212	11
TIAM1_P117_F	31559072	31559117	21
TIAM1_P188_R	31559142	31559187	21
TIE1_E66_R	43301034	43301090	1
TIMP1_E254_R	47582523	47582572	X
TIMP1_P615_R	47581654	47581703	X
TIMP2_E394_R	78924971	78925017	17
TIMP2_P267_F	78925634	78925681	17
TIMP3_P1114_R	32799682	32799728	22
TIMP3_P690_R	32800103	32800157	22
TIMP3_seq_7_S38_F	32801427	32801471	22
TJP1_P326_R	1994438	1994490	15
TJP1_P390_F	1994503	1994553	15
TJP2_P330_R	69173823	69173867	9
TJP2_P518_F	69173631	69173677	9
TK1_E47_F	78186978	78187030	17
TK1_P62_R	78187086	78187137	17
TMEFF1_E180_R	100473591	100473645	9
TMEFF1_P234_F	100473177	100473223	9
TMEFF1_P626_R	100472788	100472836	9
TMEFF2_E94_R	192194801	192194844	2
TMEFF2_P152_R	192195045	192195092	2
TMEFF2_P210_R	192195106	192195148	2
TMEM63A_E63_F	225882264	225882310	1
TMPRSS4_E83_F	118077109	118077155	11
TMPRSS4_P552_F	118076475	118076522	11
TNC_P198_F	115118332	115118383	9
TNC_P57_F	115118193	115118239	9
TNF_P1084_F	31574464	31574513	6
TNF_P158_F	31575392	31575442	6
TNFRSF10A_P171_F	23225275	23225325	8
TNFRSF10A_P91_F	23225196	23225243	8
TNFRSF10B_E198_R	23068957	23069002	8
TNFRSF10B_P108_R	23069261	23069306	8
TNFRSF10C_E109_F	23103007	23103051	8
TNFRSF10C_P612_R	23102287	23102338	8
TNFRSF10C_P7_F	23102887	23102937	8
TNFRSF10D_E27_F	23163976	23164031	8
TNFRSF10D_P70_F	23164074	23164124	8
TNFRSF1A_P678_F	6342750	6342799	12
TNFRSF1B_E5_F	12166983	12167030	1
TNFRSF1B_P167_F	12166813	12166859	1
TNFSF10_E53_F	172523401	172523453	3
TNFSF10_P2_R	172523453	172523502	3
TNFSF8_E258_R	114930208	114930257	9
TNFSF8_P184_F	114930651	114930701	9
TNK1_P221_F	7380847	7380890	17
TNK1_P41_R	7381029	7381075	17
TP73_E155_F	3652696	3652741	1
TP73_P496_F	3652043	3652089	1
TP73_P945_F	3651596	3651643	1
TPEF_seq_44_S36_F	192194457	192194507	2
TPEF_seq_44_S88_R	192194397	192194448	2
TRAF4_P372_F	28743633	28743679	17
TRIM29_E189_F	120137945	120137993	11
TRIM29_P135_F	120138266	120138316	11
TRIM29_P261_F	120138393	120138444	11
TRIP6_E33_F	100867435	100867478	7
TRIP6_P1090_F	100866310	100866354	7
TRIP6_P1274_R	100866122	100866175	7
TRPM5_E87_F	2422938	2422981	11
TRPM5_P721_F	2423745	2423791	11
TRPM5_P979_F	2424002	2424051	11
TSC2_E140_F	2048708	2048761	16
TSG101_P139_R	18527055	18527103	11
TSG101_P257_R	18527174	18527223	11
TSP50_E21_R	46717829	46717876	3
TSP50_P137_F	46717986	46718037	3
TUBB3_E91_F	89923399	89923451	16
TUBB3_P364_F	89922951	89922995	16
TUBB3_P721_R	89922590	89922644	16
TUSC3_E29_R	15540230	15540280	8
TUSC3_P85_R	15540116	15540162	8
TWIST1_E117_R	19117529	19117579	7
TWIST1_P355_R	19118002	19118051	7
TWIST1_P44_R	19117691	19117735	7
TYK2_P494_F	10381009	10381055	19
TYRO3_P366_F	41558644	41558688	15
TYRO3_P501_F	41558509	41558556	15
UBA52_P293_R	18571542	18571591	19
UGT1A1_E11_F	233760259	233760306	2
UGT1A1_P315_R	233759931	233759989	2
UGT1A1_P564_R	233759684	233759740	2
UGT1A7_P751_R	233681164	233681218	2
UNG_P170_F	109097414	109097462	12
USP29_E274_F	57120394	57120437	19
USP29_P205_R	57119915	57119962	19
USP29_P282_R	57119836	57119883	19
VAMP8_E7_F	85577579	85577628	2
VAMP8_P114_F	85577455	85577502	2
VAMP8_P241_F	85577326	85577372	2
VAV1_E9_F	6772691	6772745	19
VAV1_P317_F	6772366	6772415	19
VAV2_E58_F	133992205	133992252	9
VAV2_P1182_F	133993444	133993489	9
VBP1_E127_F	155216375	155216425	X
VBP1_P12_R	155216239	155216287	X
VBP1_P194_F	155216054	155216103	X
VEGFB_P658_F	64234107	64234162	11
VIM_P343_R	17228935	17228978	10
VIM_P811_R	17228466	17228513	10
WEE1_P924_R	9571849	9571898	11
WNT1_E157_F	48978581	48978638	12
WNT1_P79_R	48978354	48978401	12
WNT10B_P823_R	48972557	48972608	12
WNT10B_P993_F	48972734	48972778	12
WNT2_E109_R	117323153	117323204	7
WNT2_P217_F	117323483	117323531	7
WNT2B_P1185_R	112466210	112466261	1
WNT2B_P1195_F	112466197	112466247	1
WNT5A_E43_F	55487238	55487285	3
WNT5A_P655_F	55487936	55487984	3
WNT8B_E487_F	100463501	100463556	10
WNT8B_P216_R	100462803	100462855	10
WRN_E57_F	31033294	31033339	8
WRN_P969_F	31032267	31032314	8
WT1_E32_F	32435488	32435536	11
WT1_P853_F	32436371	32436420	11
Xist_seq_80_S47_R	73852759	73852807	X
Xist_seq_80_S95_R	73852706	73852756	X
XPC_P226_R	14178841	14178893	3
XRCC1_P681_R	43576215	43576268	19
XRCC2_P1077_F	152677215	152677270	7
YES1_P216_F	812523	812566	18
YES1_P600_F	812907	812953	18
ZAP70_P220_R	97713323	97713378	2
ZIM2_E110_F	56840575	56840621	19
ZIM2_P22_F	56840707	56840756	19
ZIM3_E203_F	57144977	57145027	19
ZIM3_P451_R	57145625	57145680	19
ZIM3_P718_R	57145892	57145946	19
ZMYND10_E77_R	50345624	50345671	3
ZMYND10_P329_F	50346027	50346081	3
ZNF215_P129_R	6926271	6926325	11
ZNF215_P71_R	6926329	6926376	11
ZNF264_E48_R	57191526	57191575	19
ZNF264_P397_F	57191083	57191129	19
ZNFN1A1_E102_F	50376609	50376655	7
ZNFN1A1_P179_F	50376325	50376381	7
ZP3_E90_F	76397611	76397665	7
ZP3_P220_F	76397302	76397356	7
